,Prob,Results
0,0.896734466562,1
1,0.410270540913,1
2,0.403898558709,1
3,0.627345520238,1
4,0.77034961196,1
5,0.315702339345,1
6,0.267221998087,1
7,0.278394651077,1
8,0.314482389441,0
9,0.538913220098,1
10,0.256202374886,0
11,0.586814223283,0
12,0.623756950431,1
13,0.861905759766,1
14,0.12302190655,0
15,0.0884041249465,0
16,0.318265035986,1
17,0.30235358205,1
18,0.0949236404835,0
19,0.238797978899,0
20,0.244580778544,0
21,0.786652383566,1
22,0.22745236331,0
23,0.66262839967,1
24,0.631550578066,1
25,0.202347307405,0
26,0.660976582804,1
27,0.169794671325,0
28,0.487271969947,0
29,0.395279829511,0
30,0.620490379368,1
31,0.108719953235,0
32,0.235563930855,0
33,0.56549064464,1
34,0.73674740022,0
35,0.619967941774,1
36,0.580842510542,1
37,0.756405900681,1
38,0.296301400747,0
39,0.731284748102,1
40,0.226662699458,0
41,0.530604674297,1
42,0.273397990408,0
43,0.769953650824,0
44,0.758585077544,1
45,0.276268563621,0
46,0.476199387767,1
47,0.602933032139,1
48,0.335041301546,0
49,0.765044737018,1
50,0.708910711619,1
51,0.511656901629,0
52,0.935060314567,1
53,0.495605480046,1
54,0.152036552477,0
55,0.596275816565,1
56,0.934862808807,1
57,0.378900428468,1
58,0.534361894098,0
59,0.325026347821,0
60,0.679785229584,1
61,0.16015239644,0
62,0.374863104025,0
63,0.186453502773,0
64,0.394460103018,1
65,0.433207651588,1
66,0.457990221834,0
67,0.531639608249,1
68,0.591474229726,1
69,0.700883165385,1
70,0.515726506141,0
71,0.569510434661,1
72,0.825455385535,1
73,0.713347734643,1
74,0.11771143517,0
75,0.794013553045,1
76,0.212073103331,0
77,0.526810944677,0
78,0.392827274924,0
79,0.93384100866,1
80,0.839167825163,0
81,0.386803410947,0
82,0.608328432747,1
83,0.513121788638,0
84,0.730293601283,0
85,0.426715785381,1
86,0.272828095564,0
87,0.840465712161,1
88,0.401119303683,1
89,0.704210824126,1
90,0.576266497733,0
91,0.945298600551,1
92,0.598067883101,1
93,0.777518066695,1
94,0.8097004156,0
95,0.618323255999,1
96,0.614018879191,0
97,0.412406306604,1
98,0.0654714082897,0
99,0.712934253037,0
100,0.400987906077,1
101,0.718253024318,1
102,0.668184349428,0
103,0.412158299411,1
104,0.729255641193,1
105,0.1136212351,0
106,0.54156011309,0
107,0.353743474961,0
108,0.620669535354,0
109,0.567157342584,1
110,0.470405542953,0
111,0.487341724685,0
112,0.761803578001,0
113,0.720694810711,0
114,0.305246472576,0
115,0.37420543058,1
116,0.280732854257,0
117,0.650850738288,0
118,0.502909888762,1
119,0.516534448098,1
120,0.530827680649,0
121,0.670122029403,1
122,0.511254315081,0
123,0.591475221755,1
124,0.843919652772,1
125,0.289060523179,1
126,0.294131952065,0
127,0.0717873848114,0
128,0.562551640137,0
129,0.410706863727,1
130,0.42301263438,1
131,0.14537676947,0
132,0.421672410116,1
133,0.452146468077,1
134,0.825533889143,1
135,0.771422473213,1
136,0.602324677169,1
137,0.581544936518,1
138,0.659640887571,1
139,0.258481853814,0
140,0.0949407159227,0
141,0.160845685739,0
142,0.441800069214,1
143,0.76981031391,1
144,0.393910856362,1
145,0.690329236669,0
146,0.181239090666,1
147,0.849040711045,1
148,0.696610922611,1
149,0.714761837732,1
150,0.323332750956,0
151,0.658827719412,1
152,0.616027566688,0
153,0.416076593841,1
154,0.896244378625,1
155,0.374126814166,1
156,0.309361481376,0
157,0.335657529976,0
158,0.431970321799,0
159,0.25327380324,0
160,0.145648962274,1
161,0.744940072639,0
162,0.27110150168,0
163,0.366499288072,0
164,0.618225612425,1
165,0.304322864457,0
166,0.38676763118,1
167,0.9510175139,1
168,0.709571978419,0
169,0.301418942045,0
170,0.0811559113938,0
171,0.627553389993,1
172,0.369077221541,0
173,0.632697085143,1
174,0.204811188087,0
175,0.346336853335,1
176,0.170149160899,0
177,0.631633527317,0
178,0.455284161398,1
179,0.374434537421,0
180,0.66836836059,1
181,0.418571056178,0
182,0.552925816809,0
183,0.243980413169,0
184,0.416545562622,0
185,0.430224122581,1
186,0.460618088821,0
187,0.205654396422,0
188,0.496514250325,0
189,0.259887831718,0
190,0.0888575275673,0
191,0.358657754547,0
192,0.402343799685,0
193,0.935535803012,1
194,0.510954833459,1
195,0.503434829627,1
196,0.740864312415,0
197,0.687672291664,0
198,0.474368129388,0
199,0.605722541711,0
200,0.711607858405,1
201,0.197907847799,0
202,0.369412696099,0
203,0.239799758849,0
204,0.539357941241,1
205,0.902385647806,1
206,0.599614842133,1
207,0.249827164247,1
208,0.108098992671,0
209,0.3010443561,0
210,0.629182788467,1
211,0.737141802174,0
212,0.912433041861,1
213,0.910062598883,1
214,0.680975821706,0
215,0.191323885418,0
216,0.853827821616,1
217,0.444157894469,1
218,0.511091448403,0
219,0.957907771496,1
220,0.926561195709,1
221,0.427402780206,1
222,0.371666822946,0
223,0.870142643708,1
224,0.370893930108,0
225,0.230039343041,0
226,0.371144902668,0
227,0.879959676773,1
228,0.513720078014,1
229,0.404927397587,1
230,0.332899553861,0
231,0.637421966985,0
232,0.677410469751,1
233,0.709938820157,0
234,0.293190521164,1
235,0.588655008349,0
236,0.777683671836,1
237,0.697166839995,1
238,0.194555903721,0
239,0.909091098511,1
240,0.53761485353,1
241,0.291962760783,0
242,0.69500626755,1
243,0.0827104878643,0
244,0.733247943637,1
245,0.683756503094,1
246,0.596323374781,0
247,0.377598750238,1
248,0.524603898359,0
249,0.928801782583,1
250,0.357236543984,1
251,0.535049613366,0
252,0.037420708633,0
253,0.0838907837871,0
254,0.21308979636,0
255,0.329181120158,0
256,0.451970865735,1
257,0.314188135687,1
258,0.800086917727,1
259,0.469834232326,1
260,0.394787096804,1
261,0.171523950546,0
262,0.557745007703,1
263,0.152762932603,0
264,0.655944888337,1
265,0.512434872981,0
266,0.75808874765,1
267,0.336499838327,0
268,0.730602360693,1
269,0.207463162521,0
270,0.385614991924,1
271,0.651291527901,0
272,0.744872030531,1
273,0.636084006486,1
274,0.32683222388,0
275,0.484160312044,0
276,0.592396591066,1
277,0.223221514856,0
278,0.963978722438,1
279,0.234537163708,1
280,0.733398716961,1
281,0.629387465641,0
282,0.771376204859,1
283,0.942973655055,1
284,0.841953254266,1
285,0.721581108601,0
286,0.697353655982,1
287,0.10338609409,1
288,0.586663260181,1
289,0.535783837164,0
290,0.640152132694,1
291,0.90274405,1
292,0.583206926128,1
293,0.212398495999,0
294,0.353538294976,0
295,0.741045204538,1
296,0.280366874005,0
297,0.71574172261,0
298,0.721925060811,1
299,0.596858885573,0
300,0.37636033498,0
301,0.238409698988,0
302,0.311717040078,0
303,0.344873027883,0
304,0.816452845396,1
305,0.285698933644,0
306,0.598361438149,1
307,0.250545379648,1
308,0.367424065251,1
309,0.666266890533,0
310,0.108637472932,0
311,0.199203549394,0
312,0.472816605384,1
313,0.627404992983,1
314,0.435983835125,1
315,0.0759716846167,0
316,0.370590549131,1
317,0.849182513796,0
318,0.472237676932,0
319,0.125323134444,0
320,0.525169708796,1
321,0.246957949297,1
322,0.720153798122,0
323,0.824166179549,1
324,0.77028744124,1
325,0.903224549853,1
326,0.733577487911,1
327,0.152214671929,0
328,0.654539471911,1
329,0.217224378159,0
330,0.588553009605,1
331,0.732235883256,1
332,0.450863360606,0
333,0.0393473925609,0
334,0.794901449613,1
335,0.377360402327,1
336,0.70244405364,1
337,0.769017269537,1
338,0.487771355077,1
339,0.237496858128,0
340,0.780822766665,0
341,0.538956373613,1
342,0.479944341247,1
343,0.912768439136,1
344,0.488404709339,0
345,0.820405642783,0
346,0.815601172863,1
347,0.708208073004,1
348,0.240048608494,0
349,0.447418227639,1
350,0.562551640137,1
351,0.298045480911,1
352,0.164884592186,1
353,0.522591985326,1
354,0.584218714927,0
355,0.404592239283,0
356,0.0779200464493,0
357,0.321859112001,1
358,0.768776118392,1
359,0.821517027886,0
360,0.635512137865,0
361,0.585245168766,1
362,0.694529330082,1
363,0.532518193243,1
364,0.117447139722,0
365,0.683158154483,1
366,0.236743778043,0
367,0.795142504444,1
368,0.395269339277,0
369,0.393148953279,0
370,0.432490525733,0
371,0.417218341939,0
372,0.779732482485,1
373,0.403013879291,0
374,0.684455478265,1
375,0.5087252686,0
376,0.656241457761,0
377,0.444671841542,1
378,0.278901012485,1
379,0.167556859109,1
380,0.334236564517,0
381,0.590543278986,1
382,0.623864741564,1
383,0.892579811667,1
384,0.381082191241,1
385,0.292581495238,1
386,0.35718921156,0
387,0.723689025497,1
388,0.275615319882,0
389,0.532498487422,1
390,0.721851527271,1
391,0.237230291392,0
392,0.210672002968,0
393,0.958119540093,1
394,0.428725388389,1
395,0.408240788194,0
396,0.452964776142,0
397,0.208802532921,0
398,0.379640081518,0
399,0.30202875519,1
400,0.36686031238,1
401,0.283364325246,0
402,0.44351901937,1
403,0.425556131976,0
404,0.283529530535,0
405,0.544608228942,0
406,0.432589847183,1
407,0.845376446252,1
408,0.336088249659,0
409,0.618147951001,0
410,0.529945938772,0
411,0.123970396072,0
412,0.394574383232,1
413,0.126809023112,0
414,0.730606087417,1
415,0.173451072329,0
416,0.476678830649,1
417,0.356329944854,0
418,0.0832297762592,0
419,0.323767435214,0
420,0.381899140662,1
421,0.664985175305,1
422,0.290655704712,0
423,0.445537253019,0
424,0.859865419673,1
425,0.238504395014,0
426,0.868087483581,1
427,0.551160481105,0
428,0.694035876879,1
429,0.620068643927,0
430,0.407109446403,0
431,0.741389481307,1
432,0.708489766599,0
433,0.393974354242,1
434,0.364462186764,0
435,0.272421550857,1
436,0.413398610098,0
437,0.316418003844,0
438,0.11233029128,0
439,0.149595842559,0
440,0.757486796158,0
441,0.0861837783264,0
442,0.233470471152,0
443,0.398270023997,1
444,0.224272429081,0
445,0.629030034529,0
446,0.462385082474,0
447,0.103100938001,0
448,0.455192266961,1
449,0.445496344992,1
450,0.67882863296,0
451,0.55573038759,1
452,0.217864860102,0
453,0.462763228899,1
454,0.575407380586,0
455,0.703298000815,1
456,0.52747595881,0
457,0.889876374635,1
458,0.910181370241,1
459,0.954137033625,1
460,0.240331620052,1
461,0.198794142819,0
462,0.397121269468,0
463,0.396990026417,1
464,0.851827071706,1
465,0.784352572552,1
466,0.232132326408,1
467,0.333988796956,1
468,0.694904399329,1
469,0.637216397379,1
470,0.301915817766,0
471,0.198649390315,0
472,0.416212535729,0
473,0.140104464538,0
474,0.454913145563,0
475,0.261334680383,0
476,0.734670543254,1
477,0.0979841811428,0
478,0.0760926125806,0
479,0.573115888947,0
480,0.728038389931,1
481,0.756960141496,1
482,0.70550054315,1
483,0.68728468289,1
484,0.850667405296,1
485,0.741306894578,1
486,0.684173535138,0
487,0.533747790771,1
488,0.501057828996,1
489,0.035707411142,0
490,0.495683456807,1
491,0.855931667142,1
492,0.629931997554,1
493,0.774632223045,1
494,0.830897435877,1
495,0.114183847022,0
496,0.0354586283359,0
497,0.472573313939,1
498,0.723230229488,0
499,0.439850302273,1
500,0.632366357714,0
501,0.21045589635,0
502,0.217123200416,0
503,0.839723673416,1
504,0.58577976669,1
505,0.466241820946,1
506,0.761608905255,1
507,0.802036915346,1
508,0.962947760031,1
509,0.158487735234,1
510,0.649367996809,0
511,0.887967862732,1
512,0.835994878228,1
513,0.0491148065856,0
514,0.770828188685,1
515,0.432809242114,1
516,0.188247452,0
517,0.174819498676,0
518,0.822536626429,1
519,0.305450122912,0
520,0.947043844708,1
521,0.781083690636,1
522,0.456363277672,0
523,0.544829330212,1
524,0.870538695006,1
525,0.856359726911,0
526,0.169742348436,0
527,0.318787196392,0
528,0.416490513221,1
529,0.760913727828,1
530,0.456303191811,1
531,0.197022411311,0
532,0.294399554429,0
533,0.604171691215,1
534,0.494850370727,0
535,0.587860404314,0
536,0.255324811445,0
537,0.592630112678,1
538,0.706505182778,1
539,0.380912226751,0
540,0.106013691952,0
541,0.83447777308,1
542,0.570162742576,0
543,0.505492616971,0
544,0.575350071119,1
545,0.673382350379,1
546,0.628644672466,0
547,0.410570140119,0
548,0.816454634615,1
549,0.425311552856,1
550,0.193032578078,0
551,0.553969676204,1
552,0.223091537297,0
553,0.0678693899535,0
554,0.690896276387,0
555,0.822267944313,1
556,0.163633273833,0
557,0.790785020594,1
558,0.246428922525,0
559,0.22251523427,0
560,0.681279074277,1
561,0.925480489879,1
562,0.0481677085014,1
563,0.325749090406,0
564,0.716830609458,1
565,0.530728082291,0
566,0.435205419853,0
567,0.929689560247,1
568,0.317576178785,0
569,0.470883023377,0
570,0.297806599085,0
571,0.872924940342,1
572,0.244934337702,0
573,0.538877252182,1
574,0.229358193625,0
575,0.820937895115,1
576,0.734290891651,1
577,0.718241264409,0
578,0.442861487443,1
579,0.251902555659,0
580,0.539387773975,1
581,0.813926817577,1
582,0.934924519919,1
583,0.671166777336,1
584,0.319601746964,0
585,0.679643795227,1
586,0.581629935397,0
587,0.642491506687,0
588,0.976409644008,1
589,0.773886404742,1
590,0.176063187891,0
591,0.945797559622,1
592,0.133111600143,0
593,0.342053327603,1
594,0.528690780239,1
595,0.885110370169,0
596,0.371203912004,0
597,0.901962433957,1
598,0.65348403676,1
599,0.831272162918,1
600,0.957590867749,1
601,0.632472090856,1
602,0.561984811166,1
603,0.460517251748,0
604,0.166119135317,0
605,0.297120653689,0
606,0.3362780412,0
607,0.631347532876,1
608,0.251679005707,0
609,0.532380131355,0
610,0.512049753416,0
611,0.46754555723,1
612,0.502587425577,0
613,0.603823266353,1
614,0.749930969572,1
615,0.741161677811,1
616,0.318560295677,0
617,0.313101298497,0
618,0.311604171108,1
619,0.193918973979,0
620,0.118266491964,0
621,0.280235147282,1
622,0.529891574055,1
623,0.346981395662,0
624,0.258606295975,0
625,0.118243334278,0
626,0.350317567209,0
627,0.787140147251,1
628,0.295658159817,0
629,0.443150484532,0
630,0.829563480508,1
631,0.188209118098,0
632,0.294310027501,0
633,0.157884491288,0
634,0.729989202047,1
635,0.625111555135,1
636,0.718105651973,0
637,0.877817813046,1
638,0.64804134718,0
639,0.647156793983,0
640,0.237194853954,0
641,0.225718260828,0
642,0.829567123916,1
643,0.67914072092,1
644,0.728805613812,1
645,0.381052120771,0
646,0.55574322275,1
647,0.807900151507,1
648,0.536507865026,1
649,0.682208339601,1
650,0.69164572594,1
651,0.372152113688,1
652,0.210722486901,0
653,0.456343991983,0
654,0.344301093444,1
655,0.932733325888,1
656,0.302798795829,0
657,0.170185075166,0
658,0.819697545716,1
659,0.711505345895,1
660,0.343837996559,0
661,0.577071148795,0
662,0.395610753848,0
663,0.681203976393,1
664,0.655785852588,1
665,0.565812135401,0
666,0.119821168564,1
667,0.290567402264,1
668,0.261851033595,0
669,0.103524129324,0
670,0.265702922774,0
671,0.915656892011,0
672,0.386739140287,0
673,0.728719112415,0
674,0.877910862738,1
675,0.159758462596,0
676,0.24522282988,1
677,0.341303734482,1
678,0.608820813558,1
679,0.290485256532,1
680,0.405270829123,1
681,0.290229219624,0
682,0.168254231592,1
683,0.296589338941,0
684,0.6654777318,0
685,0.429662543822,1
686,0.240381967978,0
687,0.407575815285,1
688,0.574588924774,1
689,0.597539852436,1
690,0.557366801042,1
691,0.357697917832,1
692,0.465540817219,0
693,0.831095433385,1
694,0.836376471414,1
695,0.593951418904,0
696,0.574016366537,1
697,0.204224231029,1
698,0.208588271244,1
699,0.152330527607,0
700,0.602036945002,1
701,0.67091745508,0
702,0.183527525091,0
703,0.504704117686,0
704,0.617743684256,0
705,0.867646777086,1
706,0.205565158566,0
707,0.588703059573,1
708,0.560644898105,0
709,0.518545765694,0
710,0.335537276958,1
711,0.396891967605,0
712,0.678984977735,1
713,0.444134436622,0
714,0.357048248495,0
715,0.727930356164,1
716,0.568254483422,1
717,0.168873964184,0
718,0.546210661681,0
719,0.357915946721,0
720,0.355682084297,0
721,0.482179653629,1
722,0.863347817501,1
723,0.569409039496,1
724,0.504960053365,0
725,0.19056253262,1
726,0.358515163847,0
727,0.698242572248,0
728,0.741264482534,1
729,0.460443191267,1
730,0.239306921221,0
731,0.436028554623,1
732,0.769489480326,1
733,0.463741385649,0
734,0.743140695837,0
735,0.101733024674,0
736,0.236273501945,1
737,0.157650365438,0
738,0.697416457514,0
739,0.223515977764,0
740,0.526790340443,1
741,0.685571610386,1
742,0.113355315914,0
743,0.342390864588,0
744,0.378049680285,0
745,0.563185717764,1
746,0.163515652078,0
747,0.745331261198,1
748,0.370039867358,0
749,0.585566192638,1
750,0.574904568962,1
751,0.610089154258,0
752,0.253438327451,0
753,0.0839912673297,0
754,0.6547768509,1
755,0.212182020078,0
756,0.533591971928,1
757,0.311620894942,1
758,0.0530842343312,0
759,0.580595341286,0
760,0.782797676422,1
761,0.52335542347,1
762,0.670388446662,1
763,0.0478335864078,0
764,0.333409558327,0
765,0.636801894604,1
766,0.123981744764,0
767,0.584198366097,1
768,0.416009544068,1
769,0.371317697229,0
770,0.439238770756,1
771,0.768335526375,0
772,0.820772387879,0
773,0.760571275343,0
774,0.728714515436,0
775,0.206923776571,1
776,0.704226478886,1
777,0.814713000908,1
778,0.557237233711,0
779,0.412158299411,0
780,0.723631431432,1
781,0.625338888562,1
782,0.432622108812,0
783,0.69440837576,1
784,0.0364276961682,0
785,0.189222079425,0
786,0.295213298457,0
787,0.40177409182,0
788,0.608740092172,0
789,0.18810606225,0
790,0.90526174933,1
791,0.186786675311,0
792,0.15986955074,0
793,0.379742157591,0
794,0.528069653987,1
795,0.599176290113,1
796,0.20404761566,0
797,0.374582062126,1
798,0.493050627294,0
799,0.448322820631,0
800,0.806353133069,1
801,0.465017188803,1
802,0.678787137402,1
803,0.438500699583,0
804,0.534257301438,0
805,0.461103482659,0
806,0.806736724038,0
807,0.156574870344,0
808,0.76951482199,1
809,0.729126480997,1
810,0.493466176514,0
811,0.924455364569,1
812,0.779201757602,1
813,0.868219825134,1
814,0.767614848234,1
815,0.785727677597,1
816,0.649188817636,1
817,0.631829814405,1
818,0.850662343906,1
819,0.550541680255,1
820,0.131236180942,1
821,0.227682807995,0
822,0.233696260562,0
823,0.681497223786,1
824,0.463040460956,1
825,0.878064913717,1
826,0.861303447252,1
827,0.0274611867157,0
828,0.138537330063,0
829,0.91419253897,1
830,0.313068448786,0
831,0.0544594447345,0
832,0.316882233988,0
833,0.647781058121,1
834,0.19202834767,0
835,0.379311280407,0
836,0.294039733963,0
837,0.706268050598,1
838,0.420574277876,1
839,0.529290273313,1
840,0.726762804988,1
841,0.624137778139,1
842,0.293120856088,1
843,0.295601555449,1
844,0.361396199699,1
845,0.0514348532021,0
846,0.534142133498,1
847,0.193749648174,0
848,0.428198778687,0
849,0.590406964259,1
850,0.157263142943,0
851,0.431231505449,0
852,0.824806536827,1
853,0.624557556428,1
854,0.756226812917,1
855,0.317520715692,0
856,0.713289653591,0
857,0.705727410918,1
858,0.389195509045,0
859,0.661218043526,0
860,0.844825005051,1
861,0.595317507336,1
862,0.583918432724,1
863,0.70033612731,1
864,0.294026765837,1
865,0.277364570833,0
866,0.0374483063866,0
867,0.476645411593,1
868,0.187435607302,0
869,0.256474359061,0
870,0.249470488031,0
871,0.576568766978,1
872,0.0919409589584,0
873,0.227217451855,0
874,0.400817785782,0
875,0.177349197868,0
876,0.38290712042,0
877,0.80103559136,0
878,0.305298932893,0
879,0.181958492932,0
880,0.235636040213,0
881,0.0916173046721,0
882,0.827121141851,1
883,0.275563108151,0
884,0.0950804512352,0
885,0.3911195138,0
886,0.840249519943,0
887,0.330791542475,0
888,0.897868508581,1
889,0.407018876886,0
890,0.0388345349356,1
891,0.520764776659,0
892,0.813561921476,1
893,0.780613999017,0
894,0.215688057041,0
895,0.706184418107,1
896,0.539863920422,0
897,0.657927053414,1
898,0.368045996568,1
899,0.173971148367,0
900,0.332152753763,1
901,0.87547515895,1
902,0.82456006061,1
903,0.0832414862978,0
904,0.259371525581,1
905,0.773799455248,1
906,0.804767747595,1
907,0.549800609967,1
908,0.217957058039,0
909,0.638831896694,0
910,0.434760903383,0
911,0.877969996871,1
912,0.445572944392,1
913,0.572324823766,0
914,0.0955173179051,0
915,0.359105603483,0
916,0.609655852904,0
917,0.575276102019,1
918,0.919029474138,1
919,0.764920088955,0
920,0.956649555559,1
921,0.631003097269,0
922,0.792023637514,1
923,0.21318182971,1
924,0.301754475646,0
925,0.509847639842,0
926,0.552044353283,1
927,0.234863374974,0
928,0.545525887398,1
929,0.538557242925,0
930,0.348207496056,1
931,0.670203335445,1
932,0.869824030461,1
933,0.655871871806,1
934,0.07061020906,0
935,0.156343675452,0
936,0.0604229096217,0
937,0.181039969845,0
938,0.564040765375,1
939,0.905369529468,1
940,0.141480448092,0
941,0.764956330627,1
942,0.721241696371,0
943,0.201170428828,0
944,0.288057189869,0
945,0.282265197041,0
946,0.649148016487,0
947,0.425669740573,1
948,0.113437181987,0
949,0.190807768184,0
950,0.783117686599,1
951,0.246011887276,0
952,0.764740553056,1
953,0.642667915835,1
954,0.483917055159,1
955,0.376221802082,1
956,0.781456771219,0
957,0.267916285471,0
958,0.419069249953,0
959,0.274688120202,1
960,0.517254219515,1
961,0.444393654918,1
962,0.326184867872,0
963,0.43475907247,0
964,0.516270282766,0
965,0.54737375869,0
966,0.185327034546,1
967,0.312650272738,0
968,0.534146436387,1
969,0.357634010702,0
970,0.808631421658,1
971,0.6170827968,1
972,0.383505753779,1
973,0.404904910208,1
974,0.189983130143,1
975,0.325892703377,0
976,0.352825957955,1
977,0.531313424236,0
978,0.902970582029,1
979,0.629483179691,1
980,0.173822822166,0
981,0.407618867416,0
982,0.043086211485,0
983,0.929649925095,0
984,0.42587095351,1
985,0.816753046884,1
986,0.0375498802479,0
987,0.221126277331,0
988,0.870063539072,1
989,0.596153725191,1
990,0.213483796406,0
991,0.627742179032,1
992,0.526399780528,1
993,0.437248068262,1
994,0.582684362122,1
995,0.272178128013,1
996,0.737095564953,0
997,0.384859163535,0
998,0.80959112906,1
999,0.646671848933,1
1000,0.285233706617,0
1001,0.317310563502,0
1002,0.29885019231,1
1003,0.525430628333,1
1004,0.743563348581,0
1005,0.83642744652,1
1006,0.715090131743,1
1007,0.824627657038,1
1008,0.519524411221,1
1009,0.718390387611,1
1010,0.811562495711,1
1011,0.160017671567,0
1012,0.595425984903,1
1013,0.247179542571,0
1014,0.398161153641,0
1015,0.0749706400435,0
1016,0.14540462518,0
1017,0.591652797974,0
1018,0.798565878098,1
1019,0.340165227021,0
1020,0.807620059764,1
1021,0.482543684578,1
1022,0.854376632713,1
1023,0.906715394036,1
1024,0.555672461472,1
1025,0.599342740964,0
1026,0.534047876431,1
1027,0.207102174297,0
1028,0.454509428148,1
1029,0.768075550524,1
1030,0.237901235176,0
1031,0.747188701608,1
1032,0.20883321546,0
1033,0.269016052755,0
1034,0.615359090694,0
1035,0.83675992857,1
1036,0.688904024377,1
1037,0.446809803905,1
1038,0.737028536867,0
1039,0.585773832837,1
1040,0.278367668771,1
1041,0.701145176272,1
1042,0.857205217057,0
1043,0.56828927144,1
1044,0.418476796628,0
1045,0.868571098681,1
1046,0.420468766833,1
1047,0.668589117506,1
1048,0.239046373462,0
1049,0.593607329589,1
1050,0.135294385417,0
1051,0.805926419346,1
1052,0.673679178356,1
1053,0.488328887586,1
1054,0.531855705851,1
1055,0.701864716451,1
1056,0.206977338322,0
1057,0.280923336976,0
1058,0.265344831317,1
1059,0.235858770858,0
1060,0.261662745998,1
1061,0.146415296258,0
1062,0.0964442687923,0
1063,0.173275295439,0
1064,0.799019865971,1
1065,0.219339184713,0
1066,0.918945357935,1
1067,0.231881435507,1
1068,0.279593939385,1
1069,0.703782432632,0
1070,0.0999550166419,0
1071,0.405190043926,1
1072,0.83889499782,0
1073,0.715376874401,0
1074,0.804037194024,1
1075,0.829052175169,1
1076,0.508071593441,1
1077,0.438312099974,1
1078,0.400857106967,1
1079,0.342817015189,0
1080,0.524481617121,1
1081,0.962139722537,1
1082,0.493186328932,0
1083,0.504647816494,0
1084,0.323833473171,0
1085,0.719611009296,1
1086,0.791545742839,1
1087,0.439115283038,1
1088,0.583731885953,1
1089,0.429073324316,0
1090,0.0748913491968,0
1091,0.507218946006,1
1092,0.85117461593,1
1093,0.659635622128,0
1094,0.0959685087459,0
1095,0.90714983995,1
1096,0.249075291004,0
1097,0.459959666803,1
1098,0.247324373589,0
1099,0.694785388465,1
1100,0.449281759883,1
1101,0.841702404629,1
1102,0.335555928911,0
1103,0.104064470249,0
1104,0.458614463554,1
1105,0.790327270299,1
1106,0.254301522201,1
1107,0.76556396728,1
1108,0.734823507741,0
1109,0.270615596497,0
1110,0.732969278833,0
1111,0.450315707463,1
1112,0.643909632797,1
1113,0.638784486864,1
1114,0.569050376257,0
1115,0.564142214599,0
1116,0.218869827843,0
1117,0.270350248208,1
1118,0.508252815887,1
1119,0.533336241915,1
1120,0.408381788045,0
1121,0.349853815514,1
1122,0.729617048898,0
1123,0.165684268502,0
1124,0.483139585704,0
1125,0.143000342935,1
1126,0.552897396405,0
1127,0.341034150603,0
1128,0.144186826474,0
1129,0.405778644761,1
1130,0.570799928392,1
1131,0.829407415052,1
1132,0.948391943785,1
1133,0.699674198455,0
1134,0.789728553177,1
1135,0.765733169639,0
1136,0.480153895317,1
1137,0.655813176906,1
1138,0.970722757711,1
1139,0.296369365426,0
1140,0.850873490307,1
1141,0.849478552406,0
1142,0.484233311462,0
1143,0.619473469732,1
1144,0.466827132652,1
1145,0.673342341488,1
1146,0.790341930243,1
1147,0.952374341901,1
1148,0.689546822636,1
1149,0.536288292794,1
1150,0.774939805703,1
1151,0.520650063794,1
1152,0.299379272826,0
1153,0.345548876609,1
1154,0.931192229401,1
1155,0.776323434047,0
1156,0.430365254876,1
1157,0.780847317156,1
1158,0.614055008183,0
1159,0.409082532411,1
1160,0.865383703154,1
1161,0.432809242114,1
1162,0.512616557735,0
1163,0.637599668338,1
1164,0.0940203593636,0
1165,0.703563136634,1
1166,0.29861587373,0
1167,0.762708191758,1
1168,0.46053777389,1
1169,0.862464495932,1
1170,0.945106577146,1
1171,0.666366352079,1
1172,0.223781022661,0
1173,0.135571209585,0
1174,0.311466194775,0
1175,0.372497709685,0
1176,0.136848554849,0
1177,0.815916835917,1
1178,0.27451230003,0
1179,0.952653092887,1
1180,0.37911481785,1
1181,0.732652256857,1
1182,0.783973966188,1
1183,0.355376213187,1
1184,0.346542670593,0
1185,0.935410733903,1
1186,0.59497537691,0
1187,0.0459514764417,0
1188,0.377908108967,0
1189,0.401213532281,0
1190,0.175698865727,0
1191,0.666600284024,1
1192,0.409125042097,1
1193,0.584260864312,0
1194,0.899881366887,1
1195,0.57013402229,0
1196,0.268201897098,0
1197,0.628935503881,0
1198,0.370387039024,1
1199,0.209289764332,0
1200,0.802763346906,0
1201,0.59784880501,1
1202,0.513164378545,0
1203,0.686326354914,1
1204,0.234498128456,0
1205,0.171049544441,0
1206,0.457857776793,1
1207,0.460112155517,0
1208,0.503120433803,1
1209,0.572974910302,0
1210,0.106860377331,0
1211,0.440910793321,1
1212,0.556361191676,1
1213,0.377608383973,0
1214,0.602317783581,1
1215,0.222376460922,0
1216,0.519377649074,1
1217,0.340695652432,0
1218,0.770440853704,1
1219,0.745379050637,1
1220,0.737005758687,1
1221,0.746890479733,0
1222,0.347384591613,0
1223,0.560607389506,1
1224,0.759517127352,1
1225,0.772632132433,1
1226,0.560907656457,0
1227,0.322418587802,0
1228,0.769398531492,0
1229,0.803116196696,1
1230,0.184520511291,0
1231,0.357296119253,0
1232,0.404579242252,1
1233,0.450832295004,0
1234,0.933841645327,1
1235,0.807381970398,0
1236,0.588511766888,0
1237,0.0690909346773,0
1238,0.84955007321,1
1239,0.229363318995,0
1240,0.199644950924,0
1241,0.793844174709,1
1242,0.432294124466,0
1243,0.458868783053,1
1244,0.778240395284,0
1245,0.446843648346,0
1246,0.141749406242,0
1247,0.678990783002,0
1248,0.171331395681,0
1249,0.840414922564,1
1250,0.480247815479,1
1251,0.75237221224,1
1252,0.356932348696,1
1253,0.296502146809,0
1254,0.446323945366,0
1255,0.29326363005,0
1256,0.176778185032,0
1257,0.663025614503,0
1258,0.402293913942,0
1259,0.254476328658,0
1260,0.902260893193,1
1261,0.818818505129,1
1262,0.5918419349,0
1263,0.245082762313,0
1264,0.0925381094535,0
1265,0.232253945782,0
1266,0.482987549013,0
1267,0.0741705523522,0
1268,0.354235704987,0
1269,0.42974960401,0
1270,0.534866715775,1
1271,0.587368852472,1
1272,0.506092943312,0
1273,0.512035204407,1
1274,0.42526177669,0
1275,0.593145123521,1
1276,0.228287239552,0
1277,0.254781263967,0
1278,0.6720119695,1
1279,0.511650788322,1
1280,0.809927062447,1
1281,0.429803836385,0
1282,0.640764442798,1
1283,0.498513930009,1
1284,0.909812289239,1
1285,0.254842019755,0
1286,0.747545240368,1
1287,0.167621018572,0
1288,0.542234312223,1
1289,0.37454608345,0
1290,0.569696581952,1
1291,0.217967215037,0
1292,0.175408068863,0
1293,0.105700427754,0
1294,0.649982748941,0
1295,0.95123444459,1
1296,0.0463616202929,0
1297,0.584441799282,1
1298,0.299909255579,1
1299,0.591713194289,0
1300,0.74212303602,0
1301,0.615576387136,1
1302,0.619807887037,0
1303,0.475288979958,1
1304,0.629305848707,0
1305,0.570808814093,1
1306,0.903892563651,1
1307,0.422473541921,1
1308,0.734010514486,1
1309,0.118669777955,0
1310,0.345374912682,0
1311,0.560873637196,0
1312,0.21749116695,0
1313,0.520453434734,0
1314,0.306001268258,0
1315,0.413106227607,0
1316,0.149522330108,0
1317,0.754284556997,1
1318,0.477637068419,1
1319,0.581426713809,1
1320,0.379793743673,0
1321,0.660384554295,1
1322,0.778761742012,0
1323,0.954580458434,1
1324,0.677563062781,0
1325,0.78350942088,0
1326,0.919915207304,1
1327,0.972047326188,1
1328,0.481624650838,0
1329,0.791452561058,1
1330,0.234068341082,0
1331,0.917739046437,1
1332,0.268182348746,0
1333,0.248433398198,1
1334,0.836137893468,1
1335,0.202735307881,0
1336,0.664977179895,1
1337,0.450307584311,0
1338,0.686855402713,1
1339,0.058552658138,0
1340,0.804414959662,1
1341,0.367025856676,0
1342,0.617942601001,0
1343,0.962658721383,1
1344,0.794878620171,1
1345,0.466577205846,0
1346,0.668114905326,1
1347,0.489752691487,1
1348,0.627005452231,0
1349,0.478551358418,0
1350,0.509914676861,0
1351,0.373628917412,0
1352,0.589262471515,1
1353,0.183737345481,0
1354,0.594881115846,0
1355,0.88769944706,1
1356,0.768166807017,1
1357,0.546052848978,0
1358,0.785039345882,1
1359,0.420006079546,1
1360,0.423741764836,0
1361,0.490813692524,0
1362,0.669748026103,1
1363,0.218000447593,1
1364,0.764125700868,1
1365,0.410419793737,0
1366,0.85030728812,1
1367,0.669812138793,0
1368,0.149735342401,0
1369,0.173964613981,0
1370,0.866801002854,1
1371,0.645544282609,0
1372,0.878621228083,0
1373,0.277006729715,0
1374,0.418417654087,0
1375,0.800376324731,1
1376,0.692576301577,1
1377,0.43922803446,1
1378,0.709126298606,1
1379,0.328027443983,0
1380,0.847394748317,1
1381,0.741828023387,1
1382,0.207178935283,0
1383,0.438756871162,0
1384,0.902883727399,1
1385,0.862594539355,1
1386,0.846259324156,0
1387,0.192348715361,0
1388,0.586444590082,0
1389,0.288302935503,0
1390,0.722002760983,1
1391,0.628207986756,1
1392,0.409847491106,0
1393,0.715695927526,0
1394,0.486404893962,1
1395,0.523517773645,1
1396,0.33561170654,0
1397,0.944301809426,0
1398,0.545309328815,1
1399,0.423622014533,0
1400,0.184099530481,0
1401,0.564616621693,1
1402,0.967668964275,1
1403,0.150064454158,0
1404,0.687396571428,0
1405,0.687706929802,1
1406,0.284419579351,0
1407,0.545662590789,0
1408,0.0532480584786,1
1409,0.840270371557,1
1410,0.156135848727,0
1411,0.300130527855,1
1412,0.823243000969,1
1413,0.701005003875,1
1414,0.473685206274,0
1415,0.736428793372,1
1416,0.114683269888,0
1417,0.20818797415,0
1418,0.527562973819,1
1419,0.893862669288,1
1420,0.198418279596,0
1421,0.779280008844,1
1422,0.474148236438,1
1423,0.191090137054,1
1424,0.78166665289,1
1425,0.427553692785,1
1426,0.086059182752,0
1427,0.803209613941,1
1428,0.446026594569,1
1429,0.681785369123,0
1430,0.798992054526,1
1431,0.537217869547,0
1432,0.439780978273,0
1433,0.735155716545,1
1434,0.434388044231,1
1435,0.362995721274,0
1436,0.561476573653,0
1437,0.924026410735,1
1438,0.545425438081,1
1439,0.589646435225,1
1440,0.544734170601,0
1441,0.643095019155,1
1442,0.318683670317,1
1443,0.305785967169,0
1444,0.686344651904,0
1445,0.546287005838,0
1446,0.678035733684,1
1447,0.659291265731,0
1448,0.9406450744,1
1449,0.829640840931,1
1450,0.779814830911,1
1451,0.839364458902,1
1452,0.829785094837,1
1453,0.309230269492,0
1454,0.174113451096,0
1455,0.880398820977,1
1456,0.246636211794,1
1457,0.849931721724,1
1458,0.129102332912,0
1459,0.216544902481,1
1460,0.185842992593,1
1461,0.5160619474,1
1462,0.798933536576,1
1463,0.823172302889,0
1464,0.516292740019,1
1465,0.806767031893,1
1466,0.491959158276,0
1467,0.271037030777,0
1468,0.777076066245,1
1469,0.749016576944,1
1470,0.150520709071,0
1471,0.570546278581,0
1472,0.423954756481,1
1473,0.791979584762,1
1474,0.60784111448,0
1475,0.508382841816,1
1476,0.75791459727,1
1477,0.14292194918,0
1478,0.777248065249,1
1479,0.831218052258,1
1480,0.736017023405,0
1481,0.0537429731101,0
1482,0.230125578038,1
1483,0.13907734308,0
1484,0.495405983794,1
1485,0.199068222553,0
1486,0.124535255637,0
1487,0.563297804929,1
1488,0.547369177992,0
1489,0.630587978323,0
1490,0.64195474803,1
1491,0.333389913232,1
1492,0.796513198266,1
1493,0.689130069009,1
1494,0.109703844836,0
1495,0.279051768682,0
1496,0.422858966511,1
1497,0.663719398626,1
1498,0.659050456492,1
1499,0.488264010743,1
1500,0.679933213061,0
1501,0.843878967636,1
1502,0.506489671061,0
1503,0.509047024744,0
1504,0.111401196877,0
1505,0.299863455859,0
1506,0.677030771795,1
1507,0.325775171145,0
1508,0.784220433902,1
1509,0.56294950618,0
1510,0.721513176886,1
1511,0.526982868973,0
1512,0.26957176163,1
1513,0.0355292090981,0
1514,0.213173905962,0
1515,0.509342339921,0
1516,0.272216714561,1
1517,0.706180188703,1
1518,0.733372922188,0
1519,0.804691163932,1
1520,0.771376204859,1
1521,0.75660132261,1
1522,0.443862036016,0
1523,0.661536662301,1
1524,0.206297249415,0
1525,0.719081841621,0
1526,0.628409925887,1
1527,0.269243111998,0
1528,0.170894223303,0
1529,0.68056021625,1
1530,0.758444041587,1
1531,0.430074261899,0
1532,0.517558080443,0
1533,0.816428716902,1
1534,0.342659772684,1
1535,0.749861804621,0
1536,0.858134766967,1
1537,0.251860683903,0
1538,0.509359539591,1
1539,0.368131093699,0
1540,0.462964072395,0
1541,0.862463200854,1
1542,0.377542287134,0
1543,0.446161371385,1
1544,0.597475080786,0
1545,0.54587294753,1
1546,0.722485246337,1
1547,0.396266737602,0
1548,0.547732437905,1
1549,0.307118542035,0
1550,0.747203207542,1
1551,0.459325285687,1
1552,0.800619144916,1
1553,0.808264943352,0
1554,0.261010965828,0
1555,0.183857198511,0
1556,0.628581695355,0
1557,0.442373197456,0
1558,0.210299246875,0
1559,0.710222934015,1
1560,0.167190728097,0
1561,0.559382672636,1
1562,0.518499898261,1
1563,0.707229342225,1
1564,0.583108060988,0
1565,0.564019834178,0
1566,0.21698095183,0
1567,0.250882007194,0
1568,0.455666557623,1
1569,0.222453668649,1
1570,0.387670360432,1
1571,0.753226904676,1
1572,0.935312169533,0
1573,0.396468622473,1
1574,0.252072743355,0
1575,0.812394689274,1
1576,0.579551152668,0
1577,0.230544685554,0
1578,0.532933323969,0
1579,0.585969507638,1
1580,0.356054184712,1
1581,0.106374661655,1
1582,0.372434034179,0
1583,0.828695682479,1
1584,0.239465268249,0
1585,0.249213510128,0
1586,0.96010869642,1
1587,0.531572534038,0
1588,0.684430667644,1
1589,0.312901327326,0
1590,0.168631720887,0
1591,0.51955235715,1
1592,0.880908082507,1
1593,0.343318200559,0
1594,0.0636085815866,0
1595,0.69745855749,1
1596,0.703163770522,0
1597,0.966189569293,1
1598,0.416732804849,0
1599,0.718784257299,1
1600,0.376202467794,0
1601,0.462748040353,0
1602,0.0816267402756,0
1603,0.81254841283,1
1604,0.166511424951,0
1605,0.698912598103,1
1606,0.644675679462,1
1607,0.417632945617,1
1608,0.689222931059,1
1609,0.863736637363,1
1610,0.0563691857496,0
1611,0.43073484013,0
1612,0.903939525712,1
1613,0.124150133372,0
1614,0.360240694948,0
1615,0.881223888093,1
1616,0.275395775268,0
1617,0.374789693059,0
1618,0.497447836411,0
1619,0.415421509001,1
1620,0.12952452112,0
1621,0.560173376217,0
1622,0.192997515109,0
1623,0.243645781329,0
1624,0.143713015781,1
1625,0.671532378766,0
1626,0.0548809234066,0
1627,0.238086717196,0
1628,0.170455633255,0
1629,0.271099757604,0
1630,0.292269561392,0
1631,0.23097093354,0
1632,0.605014063328,1
1633,0.638385436279,1
1634,0.186676215565,0
1635,0.891274619001,1
1636,0.909576338049,1
1637,0.753368355519,1
1638,0.411620960943,1
1639,0.540672033612,0
1640,0.305302959677,1
1641,0.594746898061,1
1642,0.803822382952,1
1643,0.755507775986,0
1644,0.166057044798,0
1645,0.212590608235,0
1646,0.563736955369,1
1647,0.289051306779,0
1648,0.75231152627,1
1649,0.710020787426,1
1650,0.650251662375,1
1651,0.587878423205,1
1652,0.924341834767,1
1653,0.624210936818,1
1654,0.371348386458,1
1655,0.677361508531,1
1656,0.326243075813,1
1657,0.617852840992,1
1658,0.143619347084,0
1659,0.430743043068,1
1660,0.872957753028,1
1661,0.410976664769,0
1662,0.105235398558,0
1663,0.329489395815,0
1664,0.652970586001,1
1665,0.427124495093,0
1666,0.556089618172,0
1667,0.20625745643,0
1668,0.620133388851,1
1669,0.37963154253,0
1670,0.192563052906,1
1671,0.463026382337,1
1672,0.876860468035,1
1673,0.273659837836,0
1674,0.593661028581,1
1675,0.364195690679,1
1676,0.84652727119,1
1677,0.546226132082,0
1678,0.595686704724,1
1679,0.617307853476,1
1680,0.807642661853,1
1681,0.755747594669,0
1682,0.484652553492,1
1683,0.556868344748,0
1684,0.75736377642,0
1685,0.306287691997,0
1686,0.23323913639,1
1687,0.331340024177,1
1688,0.0595660905434,0
1689,0.603226131741,1
1690,0.779156584159,0
1691,0.615389548119,0
1692,0.278222573164,0
1693,0.0872440822035,0
1694,0.839186651704,1
1695,0.472385757412,1
1696,0.564196968241,0
1697,0.205101525542,0
1698,0.758982064506,0
1699,0.478912773275,0
1700,0.3270058455,1
1701,0.568468396427,1
1702,0.142485221867,0
1703,0.200281933765,0
1704,0.84713187978,1
1705,0.536598001121,0
1706,0.374059147306,1
1707,0.433046524651,1
1708,0.428044511599,1
1709,0.476046425479,1
1710,0.804376147548,1
1711,0.530360160414,0
1712,0.80333800754,1
1713,0.221820171076,0
1714,0.57940506961,1
1715,0.946733503214,1
1716,0.324602552983,0
1717,0.159868327702,0
1718,0.805322559607,1
1719,0.431804386857,1
1720,0.257935117915,1
1721,0.469387099492,1
1722,0.172687762219,0
1723,0.748605709716,1
1724,0.310804338309,0
1725,0.787492313196,1
1726,0.613943701111,0
1727,0.601280952799,1
1728,0.263063594178,1
1729,0.660276860951,1
1730,0.575094204322,1
1731,0.432558324205,0
1732,0.654975320572,0
1733,0.567653315633,1
1734,0.22557280505,0
1735,0.12565398525,0
1736,0.517914487815,1
1737,0.112597028235,0
1738,0.233261082052,0
1739,0.286342951814,0
1740,0.337890837208,0
1741,0.82758646183,1
1742,0.546006160311,1
1743,0.505567639957,1
1744,0.414977524275,1
1745,0.644929357742,1
1746,0.629949475912,1
1747,0.644522761747,1
1748,0.8761148386,1
1749,0.30225181299,1
1750,0.623464052847,0
1751,0.393182168556,1
1752,0.521792911923,1
1753,0.757726885644,0
1754,0.663267316164,1
1755,0.832131736648,1
1756,0.778836844068,1
1757,0.383398817392,0
1758,0.15238086633,1
1759,0.760305732315,1
1760,0.310454179709,0
1761,0.425378128071,1
1762,0.809661162297,1
1763,0.247760464805,0
1764,0.177493412426,0
1765,0.76261720197,1
1766,0.425482513439,0
1767,0.761322382656,1
1768,0.320284582354,0
1769,0.237704759242,0
1770,0.680248057434,0
1771,0.444795355884,0
1772,0.533144151877,1
1773,0.333067436799,0
1774,0.862080726563,1
1775,0.479961565681,0
1776,0.929684408369,1
1777,0.576238856746,1
1778,0.782954426315,1
1779,0.654441864989,0
1780,0.440883655426,0
1781,0.344323563459,0
1782,0.837369641771,1
1783,0.462442216224,1
1784,0.712540666508,1
1785,0.15099386801,0
1786,0.58462612763,0
1787,0.243630744575,0
1788,0.565900124139,0
1789,0.705366960433,1
1790,0.821276787018,1
1791,0.272846725159,0
1792,0.364736880888,0
1793,0.424002524813,1
1794,0.609886794629,0
1795,0.470534981317,0
1796,0.41130954947,1
1797,0.216643464066,0
1798,0.238220247195,0
1799,0.166952963474,1
1800,0.819441777305,1
1801,0.897533719658,0
1802,0.329966722546,0
1803,0.849305173147,1
1804,0.702832867292,1
1805,0.73856794522,1
1806,0.406710700526,0
1807,0.998932239256,1
1808,0.930037187304,1
1809,0.0742407186708,1
1810,0.25133739133,0
1811,0.83246301762,1
1812,0.789409229944,1
1813,0.0908768041663,0
1814,0.900293779742,1
1815,0.926166639584,1
1816,0.085240009198,0
1817,0.199912262684,1
1818,0.781905010821,1
1819,0.7305561835,1
1820,0.562166320848,0
1821,0.853560382555,1
1822,0.520786283804,0
1823,0.248686749526,0
1824,0.614493887672,1
1825,0.548359790717,1
1826,0.382282452583,0
1827,0.457110463257,1
1828,0.49127773603,0
1829,0.182298374952,0
1830,0.129001007738,0
1831,0.297285378834,1
1832,0.715566494349,1
1833,0.665047738556,0
1834,0.927625657055,1
1835,0.45527272288,0
1836,0.248165500904,0
1837,0.53071112229,1
1838,0.719183598873,1
1839,0.511222620014,0
1840,0.868127276711,1
1841,0.866285572228,1
1842,0.134086886994,0
1843,0.703529188836,1
1844,0.529909728237,0
1845,0.480167273974,0
1846,0.638827356121,1
1847,0.0618625240743,0
1848,0.30629508818,0
1849,0.0166649463322,0
1850,0.657876679772,0
1851,0.824967393295,1
1852,0.0950717546028,0
1853,0.554778317269,0
1854,0.188943032864,0
1855,0.879847013672,1
1856,0.479628177797,1
1857,0.529240348353,1
1858,0.653053745501,1
1859,0.13644275485,1
1860,0.0731714076978,0
1861,0.620700097341,0
1862,0.65972124645,1
1863,0.8228229059,1
1864,0.21784049125,1
1865,0.241526390626,1
1866,0.351919638976,0
1867,0.628414169042,0
1868,0.475316678949,0
1869,0.617440969279,1
1870,0.360830424549,0
1871,0.466102228274,0
1872,0.590832566064,1
1873,0.517168464711,1
1874,0.758599753519,1
1875,0.380126503604,0
1876,0.588376934461,1
1877,0.596995267768,1
1878,0.33761572192,1
1879,0.665542667211,1
1880,0.708039541255,1
1881,0.378782193275,0
1882,0.74226160544,0
1883,0.163647892667,0
1884,0.546260612064,0
1885,0.316931128618,0
1886,0.379827783977,0
1887,0.0545325791107,0
1888,0.577126883587,1
1889,0.603202888624,1
1890,0.685988096654,1
1891,0.772294591474,0
1892,0.844516428251,0
1893,0.869087800171,1
1894,0.300991231268,0
1895,0.462198478759,1
1896,0.0263743412085,0
1897,0.291873638167,0
1898,0.729740868175,1
1899,0.236015795285,0
1900,0.508456417506,0
1901,0.297573828617,1
1902,0.307265334756,1
1903,0.879253117413,1
1904,0.439238770756,1
1905,0.365828418158,0
1906,0.242934834376,0
1907,0.564210606866,1
1908,0.518561025904,0
1909,0.47297760995,1
1910,0.244596064196,0
1911,0.23685151099,0
1912,0.482584844303,1
1913,0.725085903785,1
1914,0.619101088822,1
1915,0.424377236218,0
1916,0.650275428478,0
1917,0.317347533703,0
1918,0.458093673133,0
1919,0.42691758587,0
1920,0.339166203507,0
1921,0.698541538909,1
1922,0.733512119084,1
1923,0.780359624559,1
1924,0.436817135799,0
1925,0.531823080333,1
1926,0.363996848508,1
1927,0.734184616765,0
1928,0.22150709467,0
1929,0.176781162867,0
1930,0.516650075786,0
1931,0.635605582251,1
1932,0.233091841191,0
1933,0.150237191368,0
1934,0.129309821202,0
1935,0.811193153761,1
1936,0.648485472454,1
1937,0.37642080355,0
1938,0.348742057123,0
1939,0.568079220288,0
1940,0.72372685334,1
1941,0.705911179139,1
1942,0.426730492361,0
1943,0.455658232252,0
1944,0.107085832093,0
1945,0.494279350782,1
1946,0.85502495634,0
1947,0.710965514339,0
1948,0.845548680665,1
1949,0.33251163273,1
1950,0.624197134944,1
1951,0.313583247918,0
1952,0.812693200541,0
1953,0.108370680044,0
1954,0.955335590866,1
1955,0.559617339186,0
1956,0.302639330753,0
1957,0.568209207691,0
1958,0.720554633118,1
1959,0.277792802019,0
1960,0.448042642505,1
1961,0.89652198658,1
1962,0.62690047443,1
1963,0.333766106457,1
1964,0.482988905621,0
1965,0.330466480308,0
1966,0.610605570663,1
1967,0.405289767341,0
1968,0.769600667414,0
1969,0.167276756288,1
1970,0.528345172448,0
1971,0.33750117551,1
1972,0.19857174443,0
1973,0.344530580237,0
1974,0.492795988843,1
1975,0.274996256316,1
1976,0.664406665956,1
1977,0.584692350158,1
1978,0.439839052791,1
1979,0.601262614558,1
1980,0.35720999641,0
1981,0.283616475709,0
1982,0.475416939244,1
1983,0.792126237491,1
1984,0.730345256207,1
1985,0.233638562418,0
1986,0.681861521157,0
1987,0.379089780812,0
1988,0.745840318771,1
1989,0.785160128887,1
1990,0.289209977028,0
1991,0.17791370645,0
1992,0.0763895554502,0
1993,0.456647533945,1
1994,0.434322314866,0
1995,0.379575252579,0
1996,0.544794478117,1
1997,0.933076100554,1
1998,0.499298664819,1
1999,0.226982793215,0
